exo 1 ça marche c'est cool :)

exo 2 x<-c(0,7,8)

y<-c(5,6,x[2],x[3],10,11,12,0,x[2],x[3])

y[3] y[5] y[8] y[9]

y[y[]<=8]
[1] 5 6 7 8 0 7 8

> y[-2]
[1]  5  7  8 10 11 12  0  7  8








